44.5811	 206
44.7314	 224
45.3838	 223
46.4468	 221
47.725	 207
47.8947	 213
48.9101	 205
49.245	 211
49.4594	 212
49.8326	 218
49.8822	 210
50.228	 216
50.6428	 143
50.7329	 209
51.4093	 217
51.802	 222
52.0645	 214
52.1302	 219
52.3727	 116
52.7395	 162
53.029	 186
53.2389	 220
53.7652	 215
53.8647	 164
53.9199	 208
55.3542	 183
56.4357	 144
56.5949	 167
56.725	 46
56.725	 35
56.725	 7
56.725	 78
56.725	 28
56.725	 88
56.725	 56
56.725	 1
56.725	 62
56.725	 2
56.725	 90
56.725	 59
56.725	 81
56.725	 57
56.725	 11
56.725	 39
56.725	 49
56.725	 21
56.725	 38
56.725	 43
58.2227	 148
58.25	 101
58.25	 100
58.4456	 112
58.6548	 140
58.9842	 126
59.05	 102
59.125	 104
59.143	 106
59.175	 103
59.1911	 195
60.9101	 193
61.0812	 133
61.5344	 161
61.8049	 107
61.932	 154
64.9847	 211
65.3399	 151
66.5955	 224
67.0549	 212
67.4829	 223
67.5777	 214
67.8295	 220
69.3716	 209
69.9955	 215
70.5727	 206
71.3471	 230
71.4142	 162
71.4265	 226
71.7571	 205
71.7576	 210
72.5214	 164
72.7433	 216
72.9773	 167
73.0367	 225
73.7133	 140
73.7419	 221
74.0532	 183
74.1754	 217
74.5676	 213
74.6895	 143
74.7144	 154
75.4457	 219
75.698	 222
75.8089	 207
76.2183	 228
76.5698	 151
76.572	 161
76.5732	 106
76.6969	 107
76.9714	 208
77.2757	 229
77.5275	 112
78.6794	 195
79.2322	 218
79.3713	 193
80.188	 148
81.1533	 116
81.8025	 126
81.9274	 144
81.9902	 231
84.235	 233
84.5811	 206
84.7314	 224
85.3838	 223
86.0519	 133
86.3079	 186
86.4468	 221
87.5638	 232
87.725	 207
87.8947	 213
88.3026	 230
88.7665	 225
88.9101	 205
89.245	 211
89.4594	 212
89.5637	 226
89.8326	 218
89.8822	 210
90.228	 216
90.6428	 143
90.7329	 209
91.4093	 217
91.5837	 227
91.802	 222
91.825	 103
92.0645	 214
92.1302	 219
92.3727	 116
92.7395	 162
93.029	 186
93.2389	 220
93.7652	 215
93.8647	 164
93.9199	 208
95.3542	 183
96.4357	 144
96.5949	 167
97.5521	 229
97.8529	 228
98.2227	 148
98.4456	 112
98.6548	 140
98.9842	 126
99.143	 106
99.1911	 195
100.91	 193
101.081	 133
101.534	 161
101.805	 107
101.932	 154
103.768	 234
104.145	 205
104.337	 223
104.675	 46
104.675	 35
104.675	 7
104.675	 78
104.675	 28
104.675	 88
104.675	 56
104.675	 1
104.675	 62
104.675	 2
104.675	 90
104.675	 59
104.675	 81
104.675	 57
104.675	 11
104.675	 39
104.675	 49
104.675	 21
104.675	 38
104.675	 43
105.34	 151
105.511	 207
106.471	 221
106.508	 225
106.518	 233
107.125	 103
107.868	 232
107.996	 231
108.585	 208
108.668	 218
109.008	 219
109.275	 55
109.308	 210
109.349	 227
109.468	 212
110.08	 222
110.489	 216
110.788	 209
111.018	 215
111.296	 214
111.925	 104
112.294	 224
113.352	 211
113.509	 228
114.236	 220
114.341	 161
114.565	 213
114.639	 206
114.697	 148
115.395	 126
116.45	 167
116.905	 140
117.389	 229
117.46	 195
117.516	 107
117.684	 230
117.957	 106
118.034	 162
118.273	 151
118.433	 133
118.671	 143
118.672	 217
118.761	 116
119.049	 164
119.504	 112
120.584	 231
120.799	 234
121.462	 225
121.525	 144
121.542	 233
122.66	 183
122.85	 154
123.65	 103
123.859	 232
124.065	 193
125.028	 226
125.132	 212
125.604	 186
125.712	 228
126.053	 224
126.453	 218
127.325	 205
127.934	 219
128.232	 222
128.382	 220
128.424	 211
128.547	 215
128.893	 216
129.373	 210
129.416	 209
130.809	 229
130.853	 183
132.208	 208
132.243	 214
133.292	 167
133.72	 234
134.252	 227
134.721	 217
134.918	 207
135.08	 213
135.572	 223
135.932	 107
136.568	 221
136.675	 225
136.91	 164
137.253	 195
137.922	 206
138.351	 112
138.365	 151
139.598	 143
139.626	 161
140.078	 106
140.138	 148
140.612	 133
140.81	 233
141.059	 140
141.642	 126
143.093	 186
143.991	 116
144.317	 154
144.442	 193
144.453	 230
144.644	 162
145.053	 205
145.095	 216
145.433	 144
145.768	 232
146.538	 214
146.586	 224
146.596	 223
146.837	 231
146.847	 226
147.375	 103
147.507	 208
147.592	 227
147.725	 215
148.172	 219
148.269	 148
149.035	 212
149.407	 218
150.159	 213
150.374	 229
150.64	 210
150.644	 206
151.139	 222
151.226	 221
151.944	 195
152.343	 207
152.561	 211
152.986	 126
154.169	 116
154.612	 162
154.82	 143
154.847	 233
154.858	 220
155.969	 228
156.06	 209
157.187	 107
157.475	 144
157.63	 151
157.839	 217
158.49	 167
159.524	 211
160.341	 106
160.723	 140
161.234	 193
161.512	 186
162.188	 183
162.83	 227
163.709	 133
164.595	 218
165.304	 220
165.635	 112
165.903	 207
165.951	 161
166.265	 154
167.044	 213
167.344	 217
167.403	 206
167.786	 210
167.803	 224
169.066	 164
169.07	 214
169.077	 232
169.505	 223
169.728	 209
169.868	 205
170.67	 107
170.875	 103
171.561	 208
172.305	 222
172.707	 195
172.855	 219
172.97	 216
173.144	 212
173.592	 221
173.966	 140
174.581	 215
176.992	 148
178.209	 116
178.238	 186
178.418	 193
179.144	 151
180.309	 161
180.406	 144
180.787	 234
181.127	 126
181.48	 106
181.807	 154
181.935	 167
181.986	 162
182.275	 164
182.711	 223
183.168	 183
184.193	 208
184.194	 133
184.564	 143
184.628	 224
185.532	 112
187.197	 220
187.203	 210
187.848	 218
188.261	 217
188.91	 207
189.022	 209
189.209	 213
189.438	 216
189.585	 219
189.944	 205
190.379	 222
190.695	 214
190.775	 103
192.27	 162
192.277	 154
194.418	 143
194.435	 144
194.953	 183
195.132	 206
195.206	 126
195.669	 211
195.98	 215
196.032	 212
196.406	 221
197.633	 140
197.986	 186
198.594	 161
199.093	 195
199.239	 164
199.276	 148
199.996	 193
200.292	 106
200.318	 151
200.689	 107
201.044	 112
202.11	 133
202.15	 167
203.522	 116
203.994	 224
204.837	 222
205.183	 221
208.032	 215
208.76	 211
209.46	 209
210.043	 218
210.286	 207
210.474	 206
210.525	 103
210.648	 216
210.737	 210
211.252	 220
211.618	 214
212.022	 219
212.874	 208
212.901	 112
213.535	 106
213.596	 205
214.47	 223
214.477	 195
214.627	 193
215.199	 144
215.25	 217
215.476	 212
216.329	 213
216.873	 167
217.766	 143
218.039	 186
218.184	 140
218.231	 161
218.36	 164
218.425	 102
219.021	 183
219.313	 126
219.616	 148
220.562	 154
220.864	 116
221.728	 209
221.785	 107
222.158	 133
222.603	 162
223.992	 151
224.57	 208
224.639	 213
225.565	 211
226.352	 216
226.533	 217
227.244	 220
227.425	 101
227.45	 100
227.979	 218
229.092	 221
229.349	 219
230.184	 207
230.514	 215
230.733	 222
230.996	 210
231.443	 214
231.695	 223
231.852	 212
232.122	 224
235.79	 126
236.347	 107
236.559	 143
237.45	 112
237.865	 206
238.549	 205
238.896	 162
238.981	 144
239.116	 164
239.287	 167
239.476	 161
239.647	 186
240.398	 106
240.602	 183
241.291	 140
241.774	 195
243.61	 133
243.877	 148
244.777	 151
244.8	 102
245.015	 220
245.571	 216
246.481	 154
246.865	 193
247.044	 217
248.05	 215
248.527	 116
248.899	 218
249.195	 211
249.45	 212
249.816	 206
249.854	 205
250.021	 223
250.295	 221
250.325	 101
250.35	 100
250.458	 209
251.187	 210
251.214	 224
251.214	 213
251.48	 222
252.122	 207
252.825	 208
253.954	 214
255.06	 133
255.374	 162
255.71	 183
256.021	 219
256.022	 167
257.084	 195
257.656	 193
257.72	 154
258.274	 164
259.202	 144
259.366	 126
259.526	 107
260.007	 151
261.158	 140
261.4	 112
262.13	 210
263.313	 106
264.116	 116
264.318	 161
265.367	 211
265.395	 186
266.196	 218
266.703	 209
266.775	 102
266.858	 222
267.497	 207
268.934	 216
268.948	 148
269.105	 215
269.431	 206
269.932	 223
270.396	 217
270.566	 214
271.45	 143
271.665	 213
271.79	 224
272.075	 101
272.1	 100
272.27	 208
272.425	 221
272.771	 212
273.14	 219
273.254	 220
273.385	 205
274.644	 143
277.073	 164
277.288	 151
277.854	 183
277.915	 186
278.032	 112
278.133	 106
278.236	 133
278.773	 107
280.11	 140
280.613	 161
280.853	 116
280.87	 162
281.05	 148
281.284	 193
281.356	 195
283.292	 220
283.449	 206
284.116	 218
284.388	 154
284.407	 144
284.691	 222
285.333	 167
286.662	 208
287.53	 213
287.537	 209
287.825	 102
288.38	 126
288.521	 221
289.625	 212
289.906	 215
289.961	 217
289.992	 216
290.617	 116
290.667	 210
290.743	 219
291.925	 101
291.936	 167
291.95	 100
291.97	 224
292.078	 207
292.852	 148
293.453	 214
293.635	 112
293.919	 211
294.846	 205
295.849	 193
296.962	 223
296.988	 161
297.346	 183
297.434	 186
297.461	 126
297.702	 164
297.784	 133
298.158	 140
298.609	 106
301.06	 144
301.396	 223
301.411	 107
302.059	 195
302.226	 151
302.241	 143
302.955	 213
303.137	 208
303.406	 162
304.367	 220
304.802	 222
304.953	 218
305.752	 154
305.941	 217
307.3	 224
307.654	 211
307.822	 207
308.079	 216
308.158	 214
308.75	 102
309.567	 219
311.475	 101
311.475	 100
311.7	 205
312.721	 148
313.935	 144
313.949	 215
314.378	 183
314.569	 112
314.769	 154
314.965	 209
315.175	 221
315.578	 206
315.658	 151
315.831	 106
317.129	 193
317.45	 210
317.679	 126
317.707	 161
317.855	 212
318.442	 167
319.188	 206
319.43	 116
319.981	 162
320.175	 104
320.719	 195
320.774	 107
321.347	 230
321.426	 226
322.07	 143
322.685	 140
323.037	 225
323.956	 133
324.404	 213
325.139	 186
326.098	 207
326.218	 228
326.479	 212
326.808	 222
326.921	 164
327.225	 217
327.276	 229
327.6	 220
328.043	 215
328.737	 209
329.653	 216
329.772	 193
329.917	 214
331.06	 211
331.503	 205
331.593	 195
331.99	 231
332.564	 210
332.565	 186
332.591	 154
332.701	 223
332.778	 218
332.852	 107
333.662	 144
334.195	 208
334.235	 233
334.788	 148
334.856	 221
335.549	 126
337.021	 164
337.113	 226
337.127	 224
337.492	 219
337.564	 232
337.838	 106
338.109	 116
338.458	 162
339.033	 167
339.91	 143
341.584	 227
341.924	 133
342.767	 183
342.778	 112
343.728	 230
343.854	 151
344.08	 225
345.03	 161
345.115	 140
346.5	 103
346.562	 221
347.228	 217
347.462	 219
347.59	 208
347.622	 218
348.316	 210
348.392	 216
349.04	 233
349.095	 215
349.425	 229
349.758	 212
349.995	 209
350.179	 232
350.217	 213
350.322	 206
350.661	 222
351.182	 231
351.216	 193
351.366	 140
351.534	 106
352.07	 214
352.25	 161
352.419	 183
352.69	 211
353.461	 207
353.768	 234
353.986	 205
354.372	 164
355.616	 148
356.006	 220
356.538	 223
357.456	 143
357.564	 167
357.565	 126
357.774	 228
358.078	 195
358.427	 210
359.047	 227
359.342	 116
359.581	 133
359.944	 154
360.485	 224
360.702	 151
360.946	 112
361.811	 107
361.976	 144
363.329	 186
363.377	 162
364.17	 221
364.655	 214
365.49	 226
366.222	 223
367.426	 213
367.443	 224
367.65	 103
368.162	 232
368.619	 211
368.732	 229
369.485	 206
369.569	 212
369.747	 205
370.171	 207
371.076	 218
371.192	 209
371.314	 216
371.423	 228
372.467	 193
372.659	 220
373.217	 208
373.348	 217
373.44	 215
373.799	 222
374.531	 183
374.934	 164
375.253	 225
375.358	 219
375.931	 231
376.273	 116
376.529	 230
377.001	 133
377.73	 195
377.899	 140
378.102	 106
378.986	 161
379.209	 143
379.442	 226
379.525	 112
380.223	 234
380.329	 107
380.411	 209
380.719	 126
380.83	 167
381.732	 151
382.107	 162
382.682	 232
383.639	 217
384.534	 148
385.622	 154
386.009	 210
386.319	 144
386.518	 207
386.605	 205
388.023	 212
388.349	 213
388.877	 223
389.602	 220
389.775	 103
389.914	 211
390.143	 224
390.281	 186
391.816	 219
391.936	 222
392.342	 216
392.358	 221
392.841	 208
393.393	 218
393.649	 229
393.734	 233
395.211	 215
395.729	 112
395.769	 148
396.465	 206
396.509	 154
397.061	 225
397.068	 195
397.472	 106
398.221	 231
398.284	 116
398.521	 183
398.624	 162
398.935	 140
399.021	 167
399.139	 161
399.205	 186
399.563	 151
399.65	 226
400.13	 143
400.269	 214
401.383	 107
402.417	 193
403.728	 208
403.867	 227
403.945	 144
404.027	 228
404.461	 232
404.921	 133
405.418	 206
405.673	 213
406.236	 126
406.241	 229
406.527	 209
408.083	 219
408.12	 217
408.143	 164
409.494	 214
409.652	 222
409.759	 212
409.954	 207
410.059	 223
410.075	 218
410.175	 103
410.79	 210
412.069	 234
412.295	 205
412.389	 164
412.391	 151
412.859	 183
413.323	 216
413.582	 224
414.004	 215
414.326	 133
414.9	 154
415.031	 167
415.184	 211
415.257	 221
415.316	 112
415.998	 233
416.111	 220
416.349	 193
416.552	 161
417.5	 140
418.52	 227
418.645	 232
420.187	 217
420.261	 144
420.371	 126
421.04	 186
422.521	 218
423.354	 195
423.586	 116
424.02	 215
424.235	 224
424.729	 106
425.222	 107
425.768	 207
425.803	 143
425.979	 222
426.491	 162
426.908	 210
427.407	 221
428.059	 223
428.341	 148
429.229	 220
429.655	 219
429.722	 206
430.261	 140
430.303	 216
431.182	 211
431.941	 205
432.187	 209
432.56	 213
433.146	 214
433.428	 151
434.15	 103
434.285	 148
434.571	 143
435.113	 212
435.302	 144
435.551	 193
435.989	 186
436.89	 107
437.227	 133
437.746	 208
438.349	 164
439.611	 195
440.772	 167
441.37	 154
441.556	 126
442.912	 162
443.022	 210
443.437	 106
443.442	 112
443.862	 161
444.503	 183
444.943	 224
445.032	 215
445.724	 221
446.208	 211
446.821	 116
446.839	 217
448.686	 222
449.002	 208
449.077	 219
449.435	 209
449.747	 216
449.898	 220
450.535	 206
450.593	 207
451.07	 223
451.612	 205
452.777	 218
452.866	 116
453.527	 162
454.083	 213
454.437	 151
454.46	 193
455.019	 106
455.62	 212
456.08	 214
457.3	 140
457.698	 154
457.785	 126
457.81	 195
458.248	 164
458.71	 133
458.765	 148
459.228	 186
459.371	 112
460.626	 107
460.7	 103
460.931	 183
461.033	 213
461.675	 143
462.048	 161
462.211	 144
462.7	 208
463.25	 102
463.604	 215
464.147	 167
464.275	 101
464.325	 100
465.637	 223
466.439	 205
468.494	 112
469.221	 206
469.481	 211
469.518	 212
469.614	 218
469.847	 207
470.246	 209
471.023	 221
471.757	 106
471.758	 214
472.033	 217
472.382	 224
472.545	 210
472.789	 219
472.972	 222
473.334	 186
474.66	 148
475.131	 220
475.607	 216
475.986	 162
477.222	 133
477.448	 126
477.618	 195
479.139	 154
479.213	 164
479.388	 107
479.487	 193
480.692	 144
480.929	 143
481.133	 116
481.481	 167
482.224	 161
482.763	 213
483.395	 207
483.639	 183
484.114	 223
484.153	 219
484.915	 209
485.18	 151
485.848	 215
486.246	 151
486.575	 102
487.068	 216
487.119	 140
487.179	 221
487.9	 101
487.95	 100
488.679	 211
489.035	 214
489.369	 205
490.398	 220
491.406	 224
492.045	 212
492.703	 222
492.794	 154
493.053	 217
493.788	 208
494.107	 218
494.538	 210
495.61	 206
496.156	 162
496.213	 183
496.656	 148
497.333	 126
497.473	 112
497.687	 140
497.693	 144
498.312	 161
498.535	 167
498.892	 133
500.126	 214
500.353	 107
501.887	 193
501.982	 143
502.043	 116
503.29	 207
503.329	 219
503.528	 195
504.126	 186
504.612	 106
504.796	 164
504.848	 212
505.115	 220
505.952	 218
507.404	 223
508.6	 102
508.628	 210
508.85	 101
508.875	 100
510.279	 215
510.669	 206
510.799	 133
510.814	 211
511.466	 224
511.496	 216
511.542	 217
511.55	 209
511.81	 193
512.147	 221
513.309	 208
513.404	 164
513.869	 195
513.985	 213
514.677	 205
515.267	 106
516.213	 183
517.334	 222
517.584	 126
520.025	 107
520.065	 116
520.443	 161
520.469	 143
520.552	 148
520.875	 151
521.183	 112
521.688	 186
522.739	 162
522.841	 154
523.128	 144
523.323	 167
524.136	 206
524.57	 140
525.439	 210
526.359	 218
526.749	 214
526.822	 220
527.105	 209
528.376	 107
528.864	 207
528.909	 211
529.925	 101
529.925	 100
529.938	 222
529.994	 213
530.118	 205
530.214	 219
530.675	 102
530.77	 208
531.418	 221
531.637	 112
531.999	 217
532.23	 183
532.589	 215
532.988	 195
533.072	 223
533.141	 212
533.395	 224
534.235	 144
534.242	 216
534.347	 193
535.397	 148
536.665	 140
537.299	 167
537.419	 164
537.488	 186
537.961	 116
538.324	 154
538.913	 106
539.366	 133
539.775	 151
540.775	 126
541.002	 162
543.085	 161
546.24	 209
546.591	 220
546.82	 208
547.572	 222
547.656	 143
547.704	 221
548.471	 224
548.932	 217
549.67	 211
550.566	 212
550.767	 223
551.239	 214
551.727	 219
552.467	 216
552.57	 215
552.89	 213
553.125	 101
553.125	 100
554.186	 112
554.421	 164
554.601	 206
554.95	 106
555.368	 210
555.381	 126
555.725	 102
556.012	 205
556.022	 207
556.81	 218
557	 116
557.168	 148
558.706	 186
559.177	 167
559.324	 140
559.778	 151
559.796	 195
559.841	 154
560.002	 183
560.386	 143
560.893	 193
561.463	 161
561.963	 144
562.749	 107
563.56	 219
565.74	 162
566.877	 133
567.294	 209
567.662	 211
567.776	 215
567.778	 223
569.047	 224
569.238	 208
569.616	 207
569.639	 214
570.08	 220
570.525	 216
570.674	 217
570.75	 213
571.286	 212
571.347	 230
571.426	 226
571.848	 206
572.211	 205
572.388	 221
572.553	 222
572.852	 183
572.974	 210
573.037	 225
573.584	 218
573.75	 101
573.775	 100
574.286	 161
574.59	 167
576.174	 193
576.218	 228
576.86	 143
577.276	 229
577.39	 162
578.115	 151
578.553	 154
578.648	 186
578.759	 126
579.572	 164
579.858	 144
580.345	 148
580.871	 195
581.073	 107
581.643	 215
581.99	 231
583.051	 222
583.861	 106
584.235	 233
584.537	 133
585.307	 226
585.577	 116
586.055	 112
586.386	 216
586.432	 230
586.827	 220
587.083	 213
587.334	 208
587.558	 206
587.564	 232
587.785	 219
588.063	 205
589.271	 225
589.785	 223
590.263	 212
590.731	 217
590.994	 218
591.257	 221
591.296	 140
591.584	 227
593.373	 214
594.093	 143
594.263	 231
594.307	 116
594.847	 207
595.34	 224
595.412	 167
595.601	 209
595.851	 144
596.276	 210
596.489	 161
596.761	 162
596.889	 126
596.976	 211
597.337	 106
599.639	 228
599.983	 164
601.085	 193
601.312	 133
601.623	 195
601.891	 140
602.052	 148
602.356	 186
602.482	 151
602.492	 112
603.167	 226
603.432	 225
603.768	 234
605.773	 232
605.942	 183
606.043	 107
606.158	 208
606.325	 46
606.325	 35
606.325	 7
606.325	 78
606.325	 28
606.325	 88
606.325	 56
606.325	 1
606.325	 62
606.325	 2
606.325	 90
606.325	 59
606.325	 81
606.325	 57
606.325	 11
606.325	 39
606.325	 49
606.325	 21
606.325	 38
606.325	 43
606.435	 154
606.667	 229
606.724	 210
607.001	 220
607.132	 223
607.725	 103
607.807	 215
608.143	 222
608.248	 206
608.664	 224
609.346	 218
609.404	 219
610.22	 205
610.769	 217
610.802	 216
610.995	 227
611.066	 212
611.082	 221
612.01	 211
612.327	 209
612.484	 228
613.276	 106
613.578	 213
613.642	 207
613.785	 116
614.5	 104
614.52	 133
615.015	 161
615.319	 214
615.559	 225
615.737	 230
616.075	 143
616.635	 167
617.16	 183
617.3	 164
617.546	 226
617.704	 231
617.713	 162
618.475	 232
618.584	 144
618.587	 148
618.924	 193
619.208	 112
619.7	 234
619.96	 151
620.16	 154
620.428	 233
621.793	 107
622.725	 103
622.746	 212
624.241	 195
624.777	 214
624.963	 229
624.981	 140
625.099	 224
625.964	 186
626.243	 207
627.524	 126
627.917	 228
628.209	 213
628.966	 205
629.288	 221
629.7	 225
629.83	 220
629.955	 211
630.121	 206
630.169	 209
630.246	 216
630.876	 223
631.135	 208
631.577	 210
631.684	 217
631.695	 231
633.01	 218
633.013	 233
633.382	 222
634.33	 215
634.494	 186
634.791	 219
634.957	 234
635.112	 133
635.26	 183
635.705	 167
636.291	 232
636.382	 162
636.724	 144
636.898	 143
636.996	 116
637.926	 154
638.467	 151
638.793	 106
638.858	 226
639.802	 193
639.942	 148
640.104	 112
640.879	 161
641.06	 208
641.285	 140
641.36	 206
641.38	 195
641.672	 107
641.915	 126
643.658	 225
644.387	 227
644.398	 164
644.498	 221
644.75	 103
644.836	 216
646.272	 211
646.901	 224
648.135	 210
648.579	 232
648.662	 229
649.15	 154
649.324	 207
649.483	 220
650.128	 212
650.91	 223
650.969	 231
651.625	 218
652.469	 214
652.719	 222
653.108	 186
653.894	 230
653.952	 215
654.091	 193
654.436	 217
654.838	 233
654.894	 148
655.178	 213
655.998	 205
656.161	 225
656.382	 219
657.116	 144
657.155	 112
657.445	 167
657.469	 195
657.493	 133
657.589	 234
657.746	 116
658.309	 183
658.6	 151
658.84	 162
658.91	 209
659.003	 161
659.428	 143
659.786	 140
659.948	 205
660.851	 106
661.535	 164
661.636	 227
662.214	 232
663.033	 214
663.413	 126
664.566	 231
664.86	 220
664.973	 107
665.7	 103
667.4	 208
668.152	 212
668.219	 209
668.346	 217
668.378	 213
669.212	 218
670.461	 221
670.7	 210
670.838	 222
671.151	 215
671.243	 219
671.801	 216
672.344	 206
672.923	 193
673.187	 234
673.967	 164
674.423	 186
674.487	 207
674.909	 223
675.949	 133
676.049	 224
676.485	 211
676.554	 183
676.579	 161
676.631	 140
676.793	 167
677.255	 144
680.134	 116
680.684	 154
681.313	 107
681.476	 148
681.517	 143
682.098	 106
682.168	 195
682.555	 162
682.705	 218
685.351	 112
685.685	 223
685.818	 151
685.972	 215
686.572	 209
687.199	 221
687.729	 126
688.015	 212
688.5	 103
688.83	 211
689.281	 205
689.463	 224
690.139	 222
690.22	 210
690.684	 208
691.009	 213
691.655	 207
691.723	 216
691.732	 214
692.291	 144
694.088	 148
695.166	 219
695.672	 154
695.715	 206
695.752	 126
697.024	 162
697.081	 143
697.348	 107
697.729	 151
698.054	 220
698.118	 167
698.509	 116
698.543	 217
698.88	 161
700.673	 195
701.012	 164
701.132	 133
701.61	 106
701.743	 112
702.435	 183
702.887	 186
703.39	 193
704.107	 214
705.538	 140
706.118	 205
706.215	 223
707.101	 211
707.77	 213
708.194	 220
708.301	 221
708.575	 103
709.247	 210
709.256	 212
709.446	 222
710.138	 207
710.272	 206
710.666	 218
711.732	 217
712.033	 224
712.075	 102
712.409	 126
712.973	 219
713.862	 209
714.222	 215
714.755	 183
715.578	 216
715.725	 101
715.95	 100
717.07	 144
717.085	 143
717.161	 161
717.591	 107
717.765	 208
718.496	 151
719.289	 186
720.036	 140
720.112	 154
721.059	 133
721.213	 148
721.429	 195
721.718	 106
721.815	 112
722.463	 116
723.078	 164
723.191	 219
723.756	 220
723.793	 207
724.194	 162
724.532	 208
724.722	 167
724.85	 209
725.101	 216
725.898	 206
726.711	 193
726.742	 212
726.96	 211
727.061	 218
728.503	 223
728.933	 217
729.363	 210
731.167	 151
731.297	 213
731.379	 133
731.425	 102
731.792	 195
732.878	 222
733.681	 205
734.582	 161
734.759	 215
735.273	 224
735.286	 193
735.876	 221
736.51	 126
736.89	 186
736.925	 101
737.207	 107
737.294	 214
737.35	 100
737.525	 116
737.746	 144
737.746	 183
738.785	 154
739.912	 112
739.927	 143
740.414	 140
740.428	 148
740.666	 164
740.775	 162
741.105	 106
741.67	 167
742.875	 205
745.807	 208
746.681	 218
746.774	 207
747.832	 221
748.374	 206
748.495	 214
748.506	 216
748.852	 220
749.508	 209
750.637	 212
750.713	 211
750.753	 219
750.962	 222
751.599	 213
751.798	 215
752.537	 224
752.674	 223
753.229	 148
753.775	 102
753.883	 210
754.73	 106
754.832	 164
756.257	 161
756.64	 193
756.87	 217
757.151	 186
757.164	 162
757.329	 144
757.799	 116
757.845	 133
757.863	 107
758.024	 183
758.157	 154
758.674	 167
758.919	 151
759.875	 101
760.197	 195
760.8	 100
761.71	 140
763.44	 205
763.789	 208
763.941	 143
764.595	 213
765.311	 126
765.375	 112
766.209	 218
766.447	 221
767.503	 206
767.936	 224
768.002	 217
768.67	 219
768.865	 212
769.343	 216
769.607	 214
769.854	 209
770.054	 211
770.691	 220
771.2	 210
771.448	 223
771.615	 215
771.783	 112
772.458	 193
773.097	 151
773.509	 143
774.132	 207
774.6	 102
775.66	 133
775.686	 222
776.641	 186
776.911	 154
776.989	 164
778.123	 144
778.254	 140
779.283	 167
779.903	 148
780.886	 107
782.01	 162
782.171	 195
782.404	 106
782.467	 126
782.65	 101
782.974	 161
783.22	 116
783.7	 100
784.058	 209
784.184	 210
784.867	 219
785.235	 224
786.55	 183
786.616	 205
786.959	 220
787.915	 223
787.978	 221
788.859	 212
790.026	 213
790.116	 222
790.461	 216
790.896	 214
790.916	 215
791.175	 208
791.659	 140
794.577	 206
795.093	 107
795.894	 183
796.496	 218
796.498	 186
796.776	 151
797.059	 148
797.394	 193
797.682	 116
797.85	 102
797.868	 164
798.053	 154
798.333	 207
798.487	 217
798.63	 211
798.836	 143
799.498	 162
800.746	 195
800.795	 215
801.372	 167
801.703	 213
802.135	 106
803.19	 144
803.615	 126
804.643	 210
804.85	 101
805.074	 205
805.221	 161
805.475	 100
806.043	 220
806.174	 214
807.231	 112
807.364	 133
807.856	 222
808.738	 209
810.068	 207
810.668	 218
811.379	 211
811.667	 216
811.734	 206
812.044	 219
813.241	 162
813.359	 217
813.963	 223
814.117	 212
816.184	 221
816.812	 193
816.877	 186
816.885	 126
817.17	 112
817.454	 106
817.592	 164
817.84	 161
817.978	 133
818.383	 148
818.449	 167
818.585	 224
818.86	 208
818.862	 195
820.716	 219
820.792	 183
820.871	 143
821.04	 107
821.347	 230
821.426	 226
821.939	 154
822.225	 102
822.473	 151
823.037	 225
825.165	 208
825.792	 209
825.864	 211
825.931	 144
826.218	 228
826.389	 140
827.247	 213
827.253	 116
827.276	 229
827.615	 212
828.587	 220
829.099	 107
829.415	 210
830.008	 205
830.403	 214
830.423	 162
830.528	 217
830.568	 221
830.943	 223
831.61	 218
831.626	 215
831.99	 231
832.009	 144
832.032	 148
832.082	 207
833.167	 216
833.769	 230
834.114	 226
834.161	 224
834.235	 233
834.826	 206
835.651	 183
835.678	 225
835.699	 116
836.173	 167
836.308	 195
836.642	 186
837.207	 222
837.564	 232
838.342	 112
838.362	 143
838.405	 106
838.763	 161
839.089	 228
839.091	 193
839.833	 140
839.835	 154
839.847	 126
840.292	 229
840.588	 164
841.584	 227
841.8	 103
842.005	 133
842.222	 151
844.41	 206
845.176	 214
846.634	 205
847.196	 207
847.4	 231
847.68	 226
847.73	 223
847.995	 215
848.179	 221
848.77	 220
849.164	 212
849.402	 224
849.467	 183
849.75	 208
849.774	 107
849.864	 230
849.997	 219
850.562	 216
850.575	 211
850.859	 209
851.358	 217
851.408	 218
851.643	 228
851.661	 233
851.741	 232
852.145	 225
852.152	 222
852.598	 213
852.838	 164
853.392	 210
853.525	 126
853.768	 234
854.407	 140
854.726	 195
856.014	 151
856.099	 229
856.415	 112
857.455	 144
857.456	 116
857.479	 161
859.094	 227
860.997	 162
861.071	 193
861.148	 212
861.328	 143
861.852	 208
862.078	 148
862.37	 154
862.735	 186
863.207	 231
863.636	 106
863.874	 167
863.949	 211
864.134	 224
864.613	 133
864.945	 230
865.07	 225
865.399	 220
865.986	 222
866.253	 232
866.358	 210
866.518	 217
866.7	 103
866.977	 233
867.016	 228
867.619	 218
868.317	 219
868.518	 216
869.127	 223
870.734	 206
871.223	 234
871.755	 213
871.804	 205
871.864	 221
872.125	 186
873.34	 214
873.742	 164
873.996	 215
874.264	 207
874.78	 143
875.049	 209
875.328	 144
875.533	 229
875.828	 183
876.098	 227
876.379	 107
876.484	 167
877.018	 193
877.248	 112
877.401	 195
878.439	 116
878.541	 162
878.98	 154
879.059	 140
879.08	 151
879.724	 231
879.858	 228
880.426	 161
880.538	 106
880.659	 148
881.12	 225
881.525	 133
881.8	 223
882.252	 230
882.553	 126
883.357	 219
885.163	 208
885.455	 215
885.475	 46
885.475	 35
885.475	 7
885.475	 78
885.475	 28
885.475	 88
885.475	 56
885.475	 1
885.475	 62
885.475	 2
885.475	 90
885.475	 59
885.475	 81
885.475	 57
885.475	 11
885.475	 39
885.475	 49
885.475	 21
885.475	 38
885.475	 43
885.597	 226
886.075	 103
886.107	 218
886.164	 233
887.323	 213
887.353	 210
887.39	 211
887.469	 221
888.285	 209
889.287	 212
889.496	 217
889.967	 214
891.056	 227
891.061	 206
891.814	 143
892.464	 229
892.553	 224
892.562	 220
892.609	 183
892.609	 205
892.648	 222
892.708	 148
892.733	 195
893.007	 207
894.233	 225
894.41	 151
894.725	 104
895.035	 230
895.537	 112
896.151	 186
896.442	 193
896.524	 232
897.079	 161
897.151	 167
897.833	 144
898.805	 216
899.855	 228
900.305	 133
900.45	 103
900.536	 154
900.608	 140
900.612	 116
900.747	 126
902.227	 164
902.236	 107
902.481	 106
904.222	 233
904.751	 218
906.083	 162
906.283	 208
906.654	 213
906.927	 231
907.25	 206
907.304	 229
908.121	 234
908.729	 222
909.098	 221
909.304	 207
909.704	 211
909.823	 210
909.963	 209
910.136	 219
910.857	 215
910.951	 195
911.269	 216
911.775	 205
911.791	 212
912.465	 214
913.2	 220
913.581	 224
916.787	 217
916.941	 112
917.179	 183
917.591	 133
917.602	 193
917.636	 140
917.932	 162
918.02	 161
918.226	 186
918.783	 126
919.046	 106
919.39	 143
919.901	 144
920.148	 223
921.177	 167
921.44	 215
921.568	 151
921.916	 148
923.297	 164
924.05	 116
924.346	 227
924.428	 222
924.567	 217
924.95	 103
924.986	 154
925.015	 234
925.126	 107
926.057	 207
927.513	 212
928.174	 209
928.411	 224
929.444	 219
929.758	 210
929.892	 206
930.785	 214
930.821	 143
930.991	 218
931.265	 211
932.966	 220
933.469	 213
933.597	 216
934.203	 208
934.742	 223
935.065	 151
935.33	 140
935.493	 205
935.828	 221
936.06	 167
936.468	 164
936.838	 162
938.743	 116
939.039	 161
939.247	 183
939.647	 133
940.329	 195
940.719	 107
941.596	 216
941.601	 148
941.652	 144
942.003	 154
943.356	 106
943.368	 112
943.471	 186
943.68	 215
945.01	 193
945.336	 223
945.761	 126
946.622	 206
947.5	 103
948.044	 210
948.723	 218
948.909	 213
949.363	 219
949.479	 212
949.871	 209
950.237	 220
950.273	 116
950.573	 221
951.186	 195
951.361	 211
951.896	 222
952.658	 214
953.234	 154
953.375	 144
953.51	 207
953.57	 217
953.667	 148
953.717	 161
954.458	 167
955.338	 112
956.326	 208
956.983	 151
957.408	 133
957.677	 224
957.828	 143
958.685	 205
958.871	 106
959.611	 186
960.063	 193
961.14	 162
961.576	 164
962.338	 140
963.372	 126
963.675	 220
963.85	 102
964.172	 183
964.774	 107
966.171	 207
966.773	 210
967.522	 215
968.105	 214
968.123	 222
969.25	 103
969.797	 205
970.92	 216
971.032	 208
971.439	 224
971.675	 101
971.75	 100
971.802	 221
972.381	 209
972.397	 219
972.591	 206
972.617	 213
972.681	 148
972.69	 223
972.973	 218
973.385	 217
973.438	 212
973.656	 195
973.823	 167
974.124	 211
974.623	 116
974.735	 161
975.372	 151
976.028	 164
977.62	 193
978.382	 106
978.494	 126
978.691	 107
978.733	 133
979.561	 144
979.768	 140
980.671	 112
981.768	 212
981.787	 162
982.128	 154
982.174	 143
983.757	 183
983.909	 208
984.078	 215
984.243	 219
984.924	 220
985.325	 102
985.515	 223
985.725	 205
986.083	 186
986.189	 224
987.185	 213
987.986	 216
988.914	 218
989.11	 206
989.842	 214
990.191	 221
992.141	 211
992.362	 222
992.755	 217
993.066	 133
993.325	 101
993.375	 100
994	 151
994.277	 154
994.396	 144
994.549	 209
996.178	 210
996.189	 107
996.194	 116
996.549	 161
996.944	 186
996.961	 207
997.022	 112
998.874	 106
998.878	 140
999.052	 164
999.852	 162
999.983	 193
1000.09	 126
1000.52	 148
1003.36	 223
1003.67	 167
1003.88	 209
1004.06	 143
1004.18	 183
1005.27	 195
1005.48	 205
1005.53	 213
1006	 211
1006.57	 210
1007.34	 216
1007.53	 220
1007.73	 102
1008.89	 208
1009.54	 224
1009.72	 221
1011.23	 112
1011.57	 222
1011.9	 218
1012.07	 215
1012.53	 217
1013.03	 219
1013.13	 214
1013.66	 212
1013.87	 207
1014.09	 206
1014.6	 101
1014.68	 100
1014.91	 107
1015.44	 186
1015.8	 164
1016.11	 183
1016.11	 161
1016.33	 167
1016.36	 162
1017.33	 195
1017.84	 154
1018.78	 148
1019.44	 151
1020.67	 140
1020.69	 143
1022.16	 133
1022.17	 106
1022.81	 116
1023.91	 193
1024.1	 126
1025.33	 214
1025.64	 144
1025.69	 213
1027.01	 220
1027.48	 205
1027.55	 222
1028.41	 207
1028.5	 209
1028.74	 223
1028.84	 208
1029.97	 206
1030.11	 211
1030.17	 218
1030.45	 224
1030.72	 215
1030.78	 102
1031.88	 216
1032.81	 212
1033.77	 217
1034.06	 221
1034.87	 219
1034.9	 101
1034.95	 100
1035.29	 210
1035.4	 195
1035.8	 148
1036.41	 167
1036.58	 186
1037.38	 107
1037.71	 143
1039.38	 144
1039.58	 162
1039.62	 154
1039.66	 140
1039.79	 193
1040.07	 112
1040.17	 164
1040.45	 151
1041.04	 161
1041.54	 126
1041.8	 106
1042.08	 211
1042.74	 215
1042.8	 224
1042.85	 221
1043.11	 133
1044.57	 183
1045.21	 207
1046.24	 220
1046.8	 209
1047.66	 116
1049.53	 214
1049.54	 210
1050.11	 106
1050.22	 206
1050.58	 219
1050.75	 216
1051.05	 102
1051.33	 218
1051.49	 217
1051.55	 208
1052.42	 213
1053.43	 193
1053.51	 222
1054.01	 112
1054.93	 212
1055.01	 223
1055.06	 205
1055.28	 101
1055.3	 100
1055.49	 161
1056.73	 186
1056.82	 144
1056.92	 164
1057.34	 154
1058.63	 143
1058.77	 140
1059.09	 126
1059.5	 133
1059.63	 162
1059.66	 148
1059.72	 116
1060.8	 195
1061.49	 183
1061.89	 167
1062.13	 151
1063.69	 209
1064.47	 221
1064.48	 219
1064.92	 207
1066.29	 107
1066.34	 218
1066.71	 224
1068.24	 210
1069.43	 211
1070.63	 216
1071.28	 214
1071.33	 212
1071.35	 230
1071.43	 226
1071.89	 223
1072.37	 213
1072.44	 162
1072.85	 140
1073	 102
1073.04	 225
1073.44	 205
1073.66	 206
1073.91	 208
1074.63	 133
1075.11	 164
1075.77	 167
1075.87	 220
1075.89	 222
1076.15	 126
1076.22	 228
1076.57	 143
1076.81	 106
1076.96	 183
1077.04	 215
1077.28	 229
1077.61	 193
1077.93	 217
1078.01	 116
1078.16	 195
1078.35	 107
1078.98	 144
1080.16	 148
1081.33	 186
1081.99	 231
1082.46	 216
1082.66	 212
1082.88	 104
1082.9	 154
1083.01	 161
1084.23	 233
1084.25	 151
1085.27	 217
1085.63	 214
1085.92	 208
1086.51	 207
1087.19	 225
1087.42	 210
1087.56	 232
1087.6	 103
1087.88	 112
1088.47	 221
1088.69	 224
1089.38	 229
1089.75	 215
1090.76	 206
1090.9	 211
1091.32	 230
1091.58	 227
1091.86	 223
1091.99	 220
1092.17	 126
1092.39	 226
1092.96	 213
1093.4	 222
1093.91	 205
1093.99	 228
1094.75	 144
1095	 167
1095.29	 186
1095.53	 106
1095.6	 209
1095.77	 151
1096.21	 195
1096.53	 193
1096.81	 161
1097.2	 116
1097.74	 164
1098	 154
1098.38	 148
1098.38	 112
1098.44	 231
1098.47	 218
1098.91	 219
1099.01	 183
1100.52	 162
1100.7	 233
1102.33	 229
1102.34	 143
1102.49	 217
1102.97	 107
1103.74	 225
1103.77	 234
1104.37	 133
1105.01	 232
1105.94	 219
1106.14	 140
1106.42	 223
1106.64	 215
1107.32	 212
1107.6	 228
1108.28	 227
1108.43	 103
1109.23	 222
1109.47	 214
1109.92	 213
1110.42	 221
1110.56	 206
1110.73	 167
1110.93	 209
1111.1	 220
1111.17	 230
1111.18	 218
1111.73	 210
1112.76	 205
1112.94	 140
1112.95	 186
1113.07	 211
1113.56	 216
1113.6	 224
1113.8	 106
1114.1	 154
1114.38	 207
1114.77	 231
1116.1	 164
1116.19	 151
1116.26	 143
1117.02	 232
1117.49	 229
1117.56	 193
1117.68	 116
1117.74	 226
1118.86	 208
1118.91	 133
1120.03	 225
1121.01	 107
1121.15	 144
1121.39	 161
1122.28	 228
1122.83	 183
1123.17	 233
1123.61	 112
1124.24	 148
1125.03	 126
1125.44	 214
1125.49	 221
1126.33	 219
1126.63	 234
1127.32	 195
1127.8	 162
1127.8	 210
1128.14	 213
1128.72	 208
1128.97	 216
1128.98	 217
1129.39	 230
1129.55	 229
1129.6	 211
1130.53	 222
1130.75	 220
1130.8	 212
1131.34	 224
1131.39	 223
1131.42	 209
1131.51	 186
1131.76	 226
1131.89	 231
1132.3	 103
1132.46	 151
1132.73	 218
1133	 206
1133.61	 225
1133.86	 106
1134.52	 227
1134.91	 193
1135.03	 232
1135.57	 215
1135.72	 228
1135.87	 207
1137.34	 205
1140.47	 154
1140.64	 112
1140.71	 195
1140.77	 126
1140.92	 140
1140.99	 107
1141.54	 116
1141.57	 164
1141.68	 161
1142.22	 167
1142.33	 222
1142.41	 183
1142.58	 148
1142.89	 143
1143.91	 144
1144.35	 162
1144.68	 133
1144.87	 208
1144.95	 221
1145.87	 210
1145.92	 233
1146.75	 207
1148.12	 218
1148.2	 220
1148.61	 229
1149.02	 217
1149.08	 216
1149.51	 215
1149.79	 206
1149.8	 230
1150.24	 223
1151.3	 213
1151.38	 205
1151.59	 224
1151.61	 214
1151.62	 227
1152	 103
1152.27	 211
1152.52	 162
1152.56	 212
1153.11	 140
1153.71	 219
1154.64	 167
1154.75	 126
1154.76	 151
1155.61	 161
1156.16	 209
1156.39	 232
1156.58	 154
1157.86	 112
1158.13	 164
1158.7	 234
1158.78	 148
1158.85	 144
1159.3	 107
1160.06	 195
1161.66	 193
1161.93	 143
1162	 116
1162.81	 133
1163.11	 212
1163.11	 209
1165.27	 207
1165.43	 222
1166.52	 186
1166.6	 227
1167.48	 214
1169.23	 213
1169.31	 183
1169.47	 206
1169.53	 106
1170.29	 205
1171.43	 215
1171.83	 107
1171.83	 208
1171.85	 217
1172.02	 221
1173.5	 140
1173.53	 148
1173.62	 224
1173.73	 223
1173.93	 210
1174.22	 216
1174.78	 211
1175.19	 144
1176.22	 186
1176.29	 183
1176.32	 151
1176.37	 218
1176.39	 220
1176.98	 126
1178.55	 103
1178.99	 193
1179.37	 219
1180.54	 154
1181.44	 234
1181.99	 116
1182.54	 143
1182.59	 106
1182.77	 161
1182.88	 162
1182.9	 220
1182.98	 164
1183.96	 112
1184.18	 221
1184.59	 195
1185.06	 211
1185.31	 222
1185.93	 167
1186.26	 133
1187.09	 213
1188.09	 216
1188.38	 205
1188.76	 219
1189.36	 206
1189.86	 223
1190.53	 214
1191.09	 218
1192.19	 207
1192.91	 224
1193.29	 215
1194.34	 126
1195.17	 212
1195.39	 208
1195.74	 116
1195.86	 195
1196.7	 144
1196.87	 107
1197.01	 133
1197.18	 210
1197.23	 143
1197.59	 162
1197.68	 209
1197.99	 161
1198.65	 106
1199.2	 217
1199.21	 183
1199.77	 140
1199.89	 223
1201.09	 167
1201.66	 186
1202.18	 148
1203.28	 154
1203.49	 220
1203.63	 103
1203.67	 193
1203.68	 112
1203.78	 151
1204.43	 219
1204.66	 164
1205.44	 213
1206.1	 224
1206.15	 210
1206.2	 212
1208.83	 216
1209.06	 221
1209.32	 209
1209.6	 126
1210.44	 217
1210.57	 222
1210.69	 214
1211.18	 162
1211.29	 206
1212.19	 218
1212.34	 215
1213.6	 102
1214.18	 112
1214.68	 207
1215.29	 154
1215.83	 211
1216.03	 133
1216.81	 208
1217.12	 193
1218.13	 183
1219.15	 116
1219.25	 205
1219.81	 107
1219.84	 148
1219.91	 106
1219.99	 151
1220.08	 143
1220.29	 167
1220.85	 144
1221.24	 195
1223.24	 161
1223.81	 164
1223.99	 140
1225.16	 186
1226.03	 101
1226.05	 100
1226.35	 103
1226.66	 210
1226.98	 211
1227.07	 212
1228.4	 167
1228.89	 214
1229.5	 215
1230.03	 140
1230.6	 206
1230.74	 220
1230.76	 213
1230.91	 224
1230.96	 208
1231.87	 162
1232.61	 223
1233.93	 205
1234.08	 216
1234.54	 221
1234.82	 207
1235.12	 209
1235.2	 143
1235.62	 195
1236.22	 218
1236.36	 183
1236.39	 164
1236.58	 154
1236.63	 217
1236.65	 133
1236.79	 112
1237.2	 102
1237.38	 107
1237.89	 106
1238.21	 151
1238.74	 219
1239.82	 148
1240.34	 126
1241.21	 193
1241.53	 116
1242.49	 222
1243.08	 219
1245.49	 222
1245.81	 218
1245.84	 216
1245.89	 144
1246.57	 186
1246.57	 224
1246.62	 206
1246.64	 223
1246.92	 212
1247.07	 221
1247.32	 207
1248.18	 161
1248.63	 205
1248.67	 208
1250.03	 101
1250.05	 100
1250.17	 211
1251	 214
1251.81	 112
1252.39	 220
1253.24	 213
1253.54	 210
1253.6	 162
1254.46	 167
1254.47	 215
1254.73	 209
1254.85	 217
1255.56	 195
1255.81	 144
1255.99	 106
1256.01	 151
1256.46	 140
1257.49	 164
1258.43	 107
1258.97	 133
1259.7	 161
1260.22	 143
1260.53	 102
1260.77	 183
1262.58	 154
1262.82	 186
1263.9	 193
1264.54	 116
1265.19	 148
1265.35	 221
1265.77	 211
1266.5	 126
1268.1	 218
1269.34	 222
1270.38	 220
1270.48	 219
1270.55	 224
1270.81	 210
1271.13	 212
1271.99	 112
1271.99	 206
1272.01	 217
1272.89	 205
1273.05	 216
1273.17	 223
1273.85	 101
1273.85	 100
1274.02	 214
1274.06	 209
1274.82	 213
1275.14	 207
1275.27	 208
1275.5	 161
1275.78	 215
1275.93	 151
1278.49	 116
1278.5	 148
1278.54	 164
1278.88	 126
1279.51	 193
1280.01	 183
1280.71	 140
1280.86	 107
1281.17	 162
1282	 154
1282.4	 144
1282.7	 186
1283.99	 214
1284.91	 167
1285.08	 102
1285.36	 220
1286.29	 195
1286.3	 133
1286.62	 210
1286.76	 216
1287.84	 209
1288.98	 215
1289.02	 208
1289.29	 221
1289.32	 211
1289.41	 219
1289.65	 218
1289.81	 206
1289.86	 222
1289.97	 183
1290.24	 223
1290.39	 212
1290.83	 143
1291.04	 205
1291.61	 106
1291.69	 207
1292.47	 112
1292.55	 133
1293.73	 101
1293.73	 100
1293.9	 224
1294.56	 217
1294.9	 213
1294.97	 116
1295.93	 164
1297.17	 161
1297.52	 195
1297.6	 140
1299.03	 186
1299.42	 126
1299.93	 151
1300.12	 154
1300.52	 193
1300.88	 148
1301.27	 144
1301.67	 162
1302.43	 211
1302.43	 215
1302.62	 167
1303.64	 219
1303.79	 143
1305.37	 107
1306.22	 205
1306.33	 102
1306.46	 216
1307.54	 106
1308.74	 220
1309.58	 221
1310.3	 213
1310.44	 208
1311.05	 222
1311.33	 224
1311.66	 207
1311.71	 214
1312.74	 210
1312.89	 218
1312.91	 164
1313.77	 206
1313.78	 167
1313.82	 212
1314.13	 140
1314.26	 112
1315.25	 195
1315.6	 183
1315.65	 223
1316.2	 101
1316.2	 100
1316.57	 154
1316.59	 107
1316.64	 217
1316.74	 143
1316.87	 106
1317.58	 144
1317.86	 209
1318.09	 133
1319.61	 148
1320.32	 151
1320.82	 186
1321.26	 116
1321.27	 126
1321.35	 230
1321.43	 226
1321.97	 193
1323.04	 225
1323.31	 208
1323.36	 161
1324.13	 205
1325.93	 162
1326.04	 214
1326.15	 221
1326.22	 228
1326.36	 215
1327.28	 229
1327.59	 210
1328.09	 206
1328.24	 220
1328.41	 213
1328.61	 209
1329.39	 216
1329.59	 207
1329.91	 224
1330.57	 222
1331.57	 211
1331.6	 223
1331.99	 231
1332.78	 219
1332.8	 106
1333.42	 126
1333.54	 218
1334.23	 233
1334.64	 107
1334.72	 212
1335.18	 225
1335.92	 154
1336.01	 226
1336.13	 186
1336.64	 112
1337.56	 232
1337.83	 193
1337.9	 164
1338.23	 143
1338.29	 228
1338.85	 148
1338.87	 217
1338.93	 140
1339.17	 144
1339.78	 195
1339.81	 162
1340.6	 183
1341.25	 133
1341.58	 227
1343.44	 151
1343.66	 116
1344.05	 167
1344.67	 219
1345.53	 213
1345.88	 224
1346.04	 218
1346.73	 231
1346.8	 229
1346.92	 233
1347.02	 208
1347.18	 230
1347.21	 216
1347.98	 161
1348.38	 103
1348.78	 206
1348.81	 183
1348.83	 223
1349.38	 211
1349.84	 210
1350.41	 215
1350.71	 212
1350.97	 225
1351.15	 232
1351.4	 217
1352.94	 220
1353.33	 205
1353.77	 234
1353.78	 221
1354.08	 228
1354.46	 112
1354.86	 207
1354.91	 209
1355.86	 151
1355.89	 214
1356.69	 154
1356.7	 143
1356.88	 144
1357.02	 148
1357.31	 161
1357.64	 116
1358.34	 186
1358.67	 222
1358.75	 126
1359.31	 164
1360.52	 162
1360.67	 230
1360.96	 226
1361.44	 133
1361.47	 167
1362.22	 106
1363.11	 231
1363.53	 229
1363.55	 193
1364.43	 207
1364.68	 107
1365.01	 223
1365.28	 220
1365.33	 205
1365.43	 209
1365.68	 216
1365.74	 195
1365.74	 211
1366.53	 224
1366.62	 232
1366.89	 227
1366.95	 210
1367.92	 140
1368.35	 206
1368.68	 217
1368.93	 219
1368.98	 233
1369.99	 225
1370.38	 103
1370.57	 214
1370.74	 116
1371.19	 212
1372.32	 234
1372.59	 218
1373.38	 154
1373.56	 215
1374.57	 222
1374.6	 213
1375.16	 221
1375.51	 195
1375.72	 230
1375.74	 106
1375.77	 208
1376.31	 193
1376.7	 126
1376.93	 226
1377.03	 151
1377.56	 183
1377.62	 161
1377.67	 164
1378.11	 228
1378.3	 162
1379.02	 227
1379.35	 148
1379.86	 112
1381.11	 133
1381.12	 144
1381.92	 186
1382.69	 167
1382.7	 143
1383.52	 186
1383.94	 233
1383.99	 107
1384.38	 140
1384.44	 221
1384.64	 225
1384.81	 215
1385.34	 224
1385.68	 218
1385.95	 217
1387.12	 209
1387.87	 213
1387.91	 205
1388.23	 229
1388.43	 230
1388.84	 214
1389.44	 234
1389.83	 223
1389.93	 103
1390.13	 212
1390.15	 216
1390.86	 211
1391	 154
1391.77	 222
1392.09	 220
1393.01	 140
1393.07	 206
1394.07	 227
1394.37	 226
1394.39	 228
1395.28	 207
1395.3	 126
1395.81	 210
1396.16	 208
1396.71	 106
1397.82	 133
1397.92	 219
1398.14	 167
1398.32	 225
1398.46	 195
1399.24	 151
1400.58	 183
1400.73	 148
1400.92	 116
1401.11	 205
1401.42	 143
1401.49	 162
1401.83	 230
1402.21	 161
1402.34	 231
1402.41	 144
1402.46	 164
1402.66	 234
1403.46	 224
1403.53	 193
1404.51	 112
1405.51	 216
1405.6	 213
1405.73	 107
1405.81	 214
1406	 209
1406.93	 233
1407.53	 227
1407.78	 215
1408.03	 207
1408.26	 232
1409.22	 223
1409.32	 217
1410.18	 221
1411.3	 103
1411.42	 220
1411.49	 219
1411.62	 222
1411.95	 218
1412.04	 211
1412.31	 206
1412.4	 116
1413.29	 208
1413.71	 212
1415.35	 193
1415.64	 162
1415.78	 210
1416.38	 126
1416.87	 140
1417.22	 144
1417.71	 148
1417.85	 151
1418.29	 186
1418.69	 167
1419.04	 195
1420.43	 107
1420.75	 234
1421.84	 143
1422.6	 112
1422.87	 154
1423.11	 133
1424.8	 208
1425.83	 161
1426.83	 213
1427.07	 205
1427.09	 221
1427.22	 183
1427.29	 206
1427.59	 164
1427.6	 164
1428.13	 215
1428.7	 222
1429.41	 212
1429.69	 106
1430.05	 223
1430.09	 210
1430.79	 217
1431.09	 224
1431.14	 220
1432.46	 214
1432.62	 211
1432.81	 216
1433.13	 112
1433.21	 148
1434.25	 218
1434.5	 103
1435.04	 144
1435.24	 167
1435.33	 207
1436.03	 193
1436.66	 143
1437.14	 107
1437.26	 195
1437.47	 140
1437.64	 126
1437.93	 209
1438.36	 219
1438.49	 161
1439.15	 151
1439.18	 116
1439.61	 106
1440.83	 154
1441.13	 183
1441.21	 133
1442.43	 162
1443.99	 209
1444.93	 212
1445.03	 186
1445.45	 205
1446.47	 214
1446.47	 220
1447.27	 208
1447.47	 206
1448.06	 210
1448.2	 216
1448.55	 219
1449.57	 218
1449.66	 213
1450.42	 223
1450.43	 222
1451.2	 211
1451.79	 207
1451.83	 193
1453.6	 167
1453.86	 107
1454.04	 195
1454.37	 106
1454.51	 215
1454.98	 162
1455.66	 224
1456.52	 186
1457.27	 217
1458.06	 161
1458.11	 116
1458.55	 221
1458.92	 144
1459.63	 133
1459.65	 151
1459.81	 164
1460.91	 140
1461.08	 143
1461.24	 112
1462.1	 103
1462.5	 102
1463.04	 148
1463.21	 218
1463.99	 126
1464.08	 101
1464.13	 100
1465.21	 205
1465.45	 183
1465.48	 209
1465.78	 154
1466.78	 224
1467.07	 215
1467.36	 221
1467.43	 208
1467.56	 207
1469.19	 219
1469.21	 222
1469.22	 211
1469.44	 214
1469.71	 213
1470.27	 220
1470.86	 217
1471.31	 223
1471.68	 206
1472.57	 107
1472.81	 210
1473.21	 126
1473.59	 116
1474.6	 167
1474.65	 216
1474.93	 193
1476.2	 154
1476.83	 106
1476.9	 186
1477.82	 140
1477.87	 162
1478.39	 148
1478.68	 212
1478.71	 112
1479.56	 144
1479.82	 161
1479.87	 164
1481.65	 133
1482.15	 212
1482.5	 195
1482.68	 143
1482.92	 151
1483.88	 214
1484.65	 102
1485.65	 210
1485.83	 217
1486.34	 223
1486.36	 222
1486.38	 183
1486.93	 209
1487.2	 101
1487.23	 100
1487.75	 221
1488.8	 220
1489.23	 213
1489.3	 211
1490.02	 215
1490.55	 205
1491.29	 218
1492.01	 162
1492.58	 219
1493.8	 206
1493.92	 112
1494.15	 126
1494.23	 208
1494.31	 216
1494.73	 207
1495.53	 107
1496.73	 193
1497.23	 116
1497.6	 164
1497.99	 148
1498.26	 195
1498.74	 167
1498.96	 154
1500.11	 219
1500.31	 144
1500.32	 224
1500.69	 133
1501.52	 161
1501.73	 106
1502.22	 183
1503.07	 151
1504.11	 140
1504.36	 212
1505.05	 186
1505.34	 143
1505.99	 221
1506.95	 220
1507.08	 210
1507.21	 207
1507.43	 211
1507.5	 102
1508.23	 208
1508.29	 205
1508.65	 101
1508.68	 100
1508.7	 209
1509.53	 224
1509.74	 218
1510.08	 206
1510.26	 151
1510.37	 215
1510.89	 107
1511.2	 222
1512.95	 216
1513.28	 162
1514.04	 217
1514.62	 213
1514.68	 214
1514.82	 154
1515.2	 223
1515.9	 116
1517.09	 133
1517.28	 143
1517.78	 167
1517.91	 183
1517.95	 193
1518.4	 126
1518.66	 144
1519.46	 140
1519.54	 161
1521.59	 106
1522.45	 186
1522.65	 148
1523.34	 164
1523.61	 195
1523.75	 205
1524.02	 218
1524.41	 112
1524.55	 212
1524.96	 224
1525.31	 223
1525.55	 214
1526.41	 210
1526.43	 222
1526.68	 208
1527.31	 221
1527.7	 217
1528.55	 213
1528.69	 206
1529.23	 102
1529.32	 215
1529.35	 101
1529.35	 100
1529.58	 216
1529.87	 211
1530.68	 220
1531.12	 207
1532.5	 209
1533.85	 193
1533.94	 143
1534.18	 186
1535.93	 219
1536.28	 126
1537.83	 164
1538.13	 107
1538.23	 112
1538.23	 161
1538.49	 183
1539.04	 167
1539.15	 106
1539.58	 217
1539.91	 162
1541.46	 133
1541.55	 148
1541.59	 195
1541.93	 219
1543.02	 116
1543.18	 154
1543.67	 210
1544.15	 212
1544.79	 151
1545.02	 144
1545.1	 205
1545.87	 207
1546.16	 214
1546.45	 213
1548.58	 206
1548.88	 140
1549.4	 223
1549.88	 224
1550.03	 208
1550.45	 101
1550.45	 100
1550.91	 220
1551.35	 102
1551.7	 221
1551.71	 215
1552.46	 218
1552.77	 216
1553.2	 211
1556.31	 222
1556.53	 151
1556.69	 209
1556.8	 148
1557.22	 116
1557.78	 164
1557.79	 143
1558.6	 107
1558.79	 154
1558.87	 126
1558.89	 167
1558.94	 133
1559.5	 193
1559.95	 186
1560.16	 162
1560.96	 144
1561.09	 161
1561.37	 106
1562	 217
1562.56	 183
1562.76	 112
1563.35	 195
1563.96	 140
1565.6	 215
1565.95	 216
1566.22	 223
1566.44	 209
1566.83	 224
1567.18	 211
1567.58	 212
1567.79	 219
1568.48	 220
1569.7	 101
1569.73	 100
1570.15	 206
1571.23	 102
1571.31	 214
1571.35	 230
1571.43	 226
1571.85	 222
1572.01	 208
1572.03	 221
1573.04	 225
1573.56	 210
1574.4	 193
1574.45	 218
1574.49	 205
1575.14	 213
1575.8	 151
1576.16	 148
1576.22	 228
1576.22	 207
1576.53	 107
1576.69	 162
1577.16	 112
1577.19	 143
1577.28	 229
1577.59	 144
1577.99	 140
1578.14	 106
1578.39	 116
1578.43	 161
1578.55	 164
1579.15	 183
1579.18	 154
1579.44	 186
1579.88	 217
1579.92	 133
1580.03	 126
1580.8	 167
1581.46	 219
1581.99	 231
1582.39	 195
1584.23	 233
1584.42	 222
1585.53	 215
1585.54	 221
1585.71	 226
1586.63	 218
1587.56	 232
1587.67	 210
1588.54	 206
1588.78	 207
1589.49	 213
1589.51	 230
1589.76	 112
1589.9	 209
1590.02	 208
1590.16	 214
1590.94	 205
1591.24	 228
1591.41	 220
1591.58	 224
1591.58	 227
1591.71	 211
1591.92	 216
1592.12	 229
1593.32	 223
1593.79	 225
1594.27	 154
1594.72	 183
1595.09	 164
1595.3	 126
1595.3	 144
1595.4	 151
1596.04	 140
1596.88	 212
1597.04	 148
1597.07	 107
1597.29	 162
1597.61	 233
1597.7	 186
1600.06	 133
1600.14	 106
1600.58	 193
1600.69	 226
1601.32	 195
1602.85	 231
1602.89	 143
1603.18	 161
1603.46	 218
1603.75	 224
1603.77	 234
1604.36	 227
1605.07	 116
1605.23	 103
1605.86	 221
1606.06	 211
1606.84	 230
1607.27	 212
1607.37	 232
1607.92	 215
1608	 140
1608.01	 222
1608.73	 228
1608.73	 210
1609.03	 104
1609.53	 220
1609.72	 216
1610.36	 208
1610.6	 162
1610.8	 225
1610.84	 219
1610.94	 209
1611.54	 206
1611.55	 167
1611.56	 167
1611.76	 213
1611.94	 214
1612.14	 207
1613.81	 217
1613.84	 183
1614.02	 233
1614.17	 223
1614.67	 205
1615.77	 106
1615.81	 107
1616.74	 186
1616.75	 144
1617.46	 151
1617.74	 154
1618.52	 227
1619.04	 126
1619.5	 164
1619.95	 193
1620.88	 161
1622.18	 133
1622.54	 116
1622.58	 221
1622.88	 231
1622.96	 195
1623.36	 143
1623.49	 212
1624.02	 230
1624.11	 234
1624.27	 112
1624.39	 148
1625.63	 208
1625.91	 232
1625.96	 211
1626	 195
1626.17	 225
1626.78	 228
1627.05	 220
1627.29	 218
1627.7	 103
1628.16	 210
1628.73	 223
1628.97	 229
1629.25	 207
1629.7	 106
1630.66	 226
1630.94	 205
1631.52	 209
1631.98	 213
1632.39	 216
1632.65	 193
1632.87	 161
1633.3	 215
1633.46	 217
1633.87	 222
1634.01	 224
1635.36	 154
1635.81	 219
1636.45	 116
1636.62	 144
1636.67	 233
1637.06	 148
1637.19	 206
1637.45	 234
1637.48	 167
1637.78	 143
1637.89	 140
1638.24	 126
1638.44	 133
1638.46	 214
1638.59	 186
1639.18	 162
1639.61	 231
1639.69	 183
1640.02	 112
1640.28	 107
1640.69	 151
1641.7	 227
1641.99	 228
1642	 224
1644.19	 205
1644.86	 223
1645.18	 164
1645.4	 230
1645.76	 221
1646.08	 209
1647.18	 225
1647.2	 216
1647.83	 103
1648.31	 226
1648.6	 206
1649	 218
1649.56	 232
1649.58	 217
1649.73	 215
1649.88	 234
1649.93	 211
1650.44	 208
1650.77	 210
1650.81	 212
1651.95	 162
1652.98	 167
1653.03	 222
1653.69	 214
1653.84	 220
1654.03	 112
1654.25	 144
1654.54	 227
1654.63	 213
1654.8	 231
1655.01	 126
1655.36	 161
1655.39	 207
1655.75	 186
1655.82	 229
1655.84	 193
1655.94	 143
1656.97	 164
1657.49	 183
1657.64	 195
1657.81	 219
1658.74	 233
1659.33	 116
1659.54	 151
1660.01	 148
1661.47	 106
1661.99	 208
1662	 107
1662.01	 140
1662.28	 133
1662.45	 154
1662.49	 232
1663.56	 234
1664.1	 215
1664.57	 218
1666.37	 213
1667.47	 223
1667.65	 207
1667.73	 222
1668.3	 103
1668.46	 217
1668.61	 216
1669.86	 211
1669.95	 195
1670.61	 214
1671.94	 220
1671.97	 209
1672.05	 221
1674.31	 212
1674.96	 133
1675.54	 144
1675.59	 210
1675.6	 164
1675.78	 205
1676.03	 154
1676.29	 143
1676.5	 206
1676.59	 183
1676.64	 224
1677.9	 126
1677.96	 219
1677.97	 112
1678.02	 161
1678.72	 234
1679.51	 193
1679.98	 186
1681.58	 116
1682.27	 107
1682.39	 140
1683.67	 151
1683.94	 148
1684.48	 210
1684.49	 213
1684.94	 220
1685.74	 211
1685.92	 106
1686.06	 167
1686.36	 162
1686.7	 205
1686.81	 206
1687.35	 216
1688.25	 224
1688.83	 217
1689.38	 219
1689.48	 215
1689.9	 214
1689.98	 209
1690.12	 223
1690.32	 218
1691.08	 103
1691.35	 207
1691.59	 212
1691.64	 222
1691.83	 162
1693.47	 133
1694.92	 186
1695.76	 151
1695.78	 164
1696.48	 143
1696.72	 107
1696.93	 195
1698.12	 183
1698.24	 208
1698.53	 221
1699.19	 116
1699.23	 106
1699.27	 140
1699.48	 193
1699.53	 148
1700.36	 126
1700.69	 167
1701.11	 112
1701.4	 224
1702.31	 216
1703.03	 161
1703.65	 154
1705.46	 217
1706.19	 206
1707.11	 221
1707.24	 208
1707.42	 209
1708.08	 223
1708.15	 161
1708.32	 144
1708.34	 205
1708.87	 213
1708.93	 215
1709.08	 222
1709.67	 218
1709.85	 126
1710.55	 219
1711.06	 214
1712.08	 211
1712.83	 103
1713.69	 167
1713.73	 220
1713.88	 102
1715.17	 140
1715.45	 210
1715.77	 186
1716.03	 101
1716.1	 100
1716.46	 195
1716.53	 207
1716.71	 212
1718.21	 151
1718.5	 193
1718.99	 164
1719.06	 144
1719.38	 143
1719.98	 107
1720.36	 162
1720.46	 133
1720.85	 148
1720.91	 116
1721.91	 112
1724.31	 154
1725.28	 106
1725.67	 183
1726.76	 218
1727.26	 223
1727.94	 212
1728.87	 214
1728.91	 207
1729.04	 220
1729.08	 213
1729.15	 208
1729.17	 211
1729.35	 219
1729.43	 224
1729.71	 222
1730.96	 205
1731.9	 221
1731.94	 161
1733.16	 215
1733.51	 217
1734.22	 195
1734.47	 209
1735.13	 216
1735.53	 133
1735.81	 210
1735.84	 143
1736	 102
1736.48	 206
1736.67	 116
1737.43	 151
1738.41	 183
1739.65	 164
1740.39	 107
1740.82	 144
1740.99	 154
1741.1	 101
1741.11	 106
1741.18	 100
1741.36	 167
1741.6	 140
1742.02	 162
1742.56	 126
1743.34	 186
1743.85	 212
1744.12	 148
1744.62	 193
1745.1	 208
1746.61	 210
1747.19	 207
1747.72	 112
1747.82	 209
1748.09	 205
1748.69	 220
1749.71	 223
1750.5	 164
1750.54	 183
1750.64	 222
1750.79	 206
1750.95	 216
1750.96	 217
1751.04	 213
1751.32	 219
1751.68	 144
1752.04	 126
1752.64	 167
1753.17	 140
1753.42	 218
1753.46	 211
1753.9	 215
1754.2	 221
1755.25	 107
1755.99	 214
1756.13	 148
1756.53	 102
1756.55	 106
1757.01	 116
1757.05	 224
1757.89	 186
1758.08	 104
1758.1	 133
1758.19	 193
1758.62	 161
1758.84	 213
1759.31	 143
1760.13	 101
1760.15	 216
1760.19	 195
1760.23	 100
1760.27	 151
1760.68	 112
1761.81	 162
1761.97	 154
1765.1	 217
1766.47	 215
1767.48	 224
1767.79	 212
1768.74	 209
1769.19	 206
1769.45	 218
1769.56	 222
1769.68	 210
1769.86	 214
1769.97	 205
1770.39	 223
1771.18	 221
1771.82	 207
1772.35	 219
1772.48	 220
1773.28	 208
1773.86	 183
1774.3	 143
1774.84	 211
1775.95	 195
1775.95	 148
1776.19	 106
1776.34	 116
1776.63	 126
1776.77	 112
1776.82	 161
1777.39	 193
1777.47	 151
1778.06	 164
1778.89	 154
1779.45	 186
1779.83	 107
1781.06	 140
1781.5	 102
1782.18	 167
1782.5	 216
1782.63	 101
1782.68	 100
1783.17	 144
1783.27	 133
1784.54	 220
1784.91	 207
1785.41	 217
1785.85	 209
1785.96	 212
1787.04	 206
1788.1	 162
1788.73	 208
1788.87	 211
1789.85	 221
1790.88	 148
1791.1	 214
1791.89	 215
1791.91	 223
1792.11	 218
1792.47	 224
1792.68	 106
1792.75	 205
1792.82	 219
1794.58	 164
1795.91	 162
1796.52	 161
1796.6	 116
1797.42	 222
1797.71	 210
1798.18	 186
1798.7	 126
1799.52	 133
1799.65	 143
1800.24	 167
1800.5	 140
1800.52	 213
1800.59	 183
1800.83	 211
1801.01	 154
1801.39	 193
1801.8	 216
1802.05	 107
1802.17	 195
1804.19	 144
1804.92	 218
1805.43	 206
1805.48	 101
1805.5	 100
1805.59	 151
1805.63	 102
1806.47	 112
1807.01	 210
1807.88	 219
1808.13	 215
1808.38	 205
1808.85	 207
1809.05	 209
1809.72	 208
1809.79	 214
1810.1	 221
1810.2	 213
1810.52	 224
1810.65	 212
1810.86	 217
1813.69	 144
1813.97	 223
1814.07	 167
1814.71	 107
1815.61	 222
1815.9	 220
1816.76	 133
1817.24	 162
1817.76	 186
1818.66	 151
1819.03	 195
1819.45	 112
1819.48	 106
1820.42	 161
1820.69	 140
1821.35	 230
1821.43	 226
1822.34	 213
1822.49	 183
1823.04	 225
1823.62	 116
1824	 209
1824.02	 143
1824.18	 164
1824.22	 126
1824.7	 148
1825.54	 208
1825.91	 218
1826.22	 228
1826.24	 154
1826.68	 215
1827.28	 229
1827.39	 193
1827.51	 210
1828.81	 216
1830.02	 222
1830.22	 206
1830.32	 219
1830.43	 221
1831.76	 214
1831.99	 231
1832.63	 154
1832.81	 133
1833.11	 224
1833.64	 143
1833.85	 140
1834.14	 223
1834.23	 233
1834.77	 212
1835.03	 205
1835.04	 207
1835.25	 211
1836.9	 186
1837.18	 126
1837.44	 220
1837.56	 232
1837.82	 144
1838.21	 195
1838.3	 107
1838.49	 217
1839.6	 225
1839.82	 161
1840.43	 164
1840.81	 193
1840.91	 230
1841.01	 148
1841.02	 226
1841.2	 116
1841.58	 227
1841.68	 229
1841.94	 183
1842.04	 106
1842.54	 216
1842.63	 151
1842.73	 206
1843	 228
1843.6	 103
1843.96	 224
1843.98	 104
1844.18	 162
1844.52	 205
1845.19	 215
1845.58	 46
1845.58	 35
1845.58	 7
1845.58	 78
1845.58	 28
1845.58	 88
1845.58	 56
1845.58	 1
1845.58	 62
1845.58	 2
1845.58	 90
1845.58	 59
1845.58	 81
1845.58	 57
1845.58	 11
1845.58	 39
1845.58	 49
1845.58	 21
1845.58	 38
1845.58	 43
1846.08	 167
1846.3	 112
1846.42	 208
1847.29	 219
1847.89	 233
1849.57	 133
1850.39	 231
1850.45	 218
1851.35	 232
1851.45	 103
1851.54	 217
1852.3	 209
1852.43	 222
1852.81	 223
1852.81	 207
1852.97	 210
1853.07	 226
1853.67	 161
1853.77	 234
1854.4	 212
1855.04	 211
1855.51	 126
1855.74	 213
1855.8	 221
1855.87	 220
1856.46	 107
1857	 154
1857.43	 214
1857.45	 116
1857.73	 162
1858.9	 193
1859.6	 112
1859.79	 140
1860.36	 230
1860.51	 143
1860.6	 225
1860.8	 164
1860.82	 106
1861.57	 167
1862.31	 183
1862.51	 186
1862.8	 148
1863.19	 151
1863.76	 209
1863.88	 228
1863.9	 195
1865.03	 233
1865.7	 215
1866.58	 227
1866.63	 232
1866.98	 219
1867.07	 224
1867.68	 217
1867.8	 229
1867.84	 208
1868.17	 206
1868.54	 211
1869.07	 216
1869.17	 226
1869.88	 214
1870.08	 205
1870.3	 103
1870.84	 220
1871.11	 144
1872.36	 195
1872.36	 212
1872.51	 231
1872.69	 223
1872.73	 222
1872.83	 126
1872.88	 230
1874.41	 210
1874.49	 213
1874.52	 218
1875.21	 234
1875.47	 144
1875.82	 167
1876.3	 161
1876.48	 106
1876.53	 183
1877.39	 207
1877.49	 221
1877.52	 154
1877.99	 193
1878.26	 162
1879.48	 112
1880.47	 140
1881	 116
1881.46	 164
1881.6	 227
1883	 215
1883.35	 133
1883.84	 209
1883.94	 186
1884.17	 143
1884.54	 211
1884.69	 148
1884.71	 232
1885.11	 208
1885.14	 229
1885.42	 226
1885.47	 107
1885.94	 213
1887.33	 218
1887.42	 210
1887.64	 223
1887.9	 212
1888.21	 231
1888.39	 225
1888.48	 219
1888.8	 151
1888.81	 207
1888.93	 222
1889.65	 228
1890.1	 214
1890.57	 233
1891.23	 217
1891.48	 234
1892.68	 103
1892.78	 221
1893.23	 220
1893.27	 216
1893.5	 107
1893.8	 162
1893.9	 224
1893.97	 144
1894.68	 205
1895.08	 106
1895.78	 116
1896.02	 140
1896.84	 227
1897.14	 186
1897.25	 151
1897.66	 206
1897.9	 193
1897.99	 148
1898.14	 195
1898.31	 161
1898.31	 143
1899.63	 183
1900.19	 154
1900.59	 229
1901.3	 112
1901.54	 164
1901.88	 133
1902.83	 226
1902.99	 233
1904.19	 214
1904.58	 206
1905.68	 221
1905.79	 224
1906.28	 213
1906.33	 216
1906.42	 228
1906.56	 126
1906.7	 215
1906.96	 167
1907.28	 209
1907.38	 231
1908.09	 217
1908.14	 234
1908.35	 205
1908.57	 220
1910.17	 210
1910.6	 212
1911.89	 186
1912.11	 151
1912.28	 144
1912.4	 211
1912.71	 208
1912.75	 219
1913.32	 222
1913.73	 195
1914.26	 161
1914.28	 162
1914.39	 218
1914.54	 167
1914.91	 143
1915.97	 112
1916.58	 116
1918	 103
1918.07	 232
1918.08	 164
1918.67	 183
1918.91	 207
1919.27	 223
1919.46	 227
1920.74	 148
1921.04	 216
1921.32	 126
1921.54	 154
1921.71	 107
1923.34	 106
1925.32	 208
1925.67	 133
1925.75	 140
1926.08	 193
1926.26	 223
1926.88	 215
1926.9	 224
1927.33	 154
1927.81	 211
1928.24	 219
1928.34	 213
1929.24	 234
1930.08	 220
1930.72	 222
1930.96	 217
1931.27	 205
1931.6	 167
1931.61	 218
1931.99	 221
1932.05	 209
1932.83	 207
1933.24	 195
1934.09	 210
1934.84	 164
1934.93	 206
1934.94	 126
1934.96	 214
1935.48	 151
1936.12	 143
1936.36	 161
1936.69	 212
1937.54	 112
1937.82	 193
1938.06	 140
1939.33	 144
1939.61	 162
1939.91	 107
1940.16	 183
1940.26	 186
1940.74	 207
1941.72	 133
1942.47	 217
1943.08	 103
1943.36	 116
1943.97	 214
1944.07	 222
1945.92	 221
1946.14	 106
1946.76	 148
1947.43	 215
1947.96	 211
1948.12	 216
1949.73	 208
1950.31	 212
1950.45	 219
1950.93	 224
1951.47	 213
1952.11	 220
1952.59	 209
1952.98	 206
1953.09	 167
1953.32	 133
1953.66	 193
1953.89	 154
1953.95	 186
1954.04	 210
1954.15	 161
1955.35	 223
1955.74	 205
1955.98	 195
1956.76	 218
1956.77	 140
1957.56	 151
1958.08	 162
1958.86	 126
1958.86	 112
1959.36	 183
1959.94	 148
1960.31	 107
1960.57	 116
1960.76	 144
1961.84	 143
1961.91	 164
1962.78	 207
1963.43	 106
1965	 103
1965.54	 206
1965.73	 102
1966.66	 222
1967.39	 221
1967.88	 216
1968.25	 101
1968.33	 100
1968.48	 219
1968.62	 218
1968.95	 212
1969.23	 211
1969.67	 223
1970.27	 208
1971.32	 209
1972.21	 217
1972.48	 214
1972.49	 107
1972.61	 220
1973.08	 106
1973.51	 213
1973.71	 164
1973.78	 126
1974.2	 167
1974.2	 140
1975.47	 215
1975.84	 133
1976.19	 161
1976.66	 154
1976.93	 186
1977.24	 224
1977.43	 112
1978.86	 205
1979.13	 183
1979.55	 210
1979.57	 193
1979.58	 144
1979.98	 151
1982.89	 221
1983.5	 148
1984.38	 116
1984.54	 162
1985.17	 207
1985.28	 209
1985.29	 217
1985.56	 143
1985.66	 195
1986.42	 214
1987.53	 206
1988.03	 219
1988.53	 224
1989.05	 102
1989.44	 216
1990.11	 211
1990.86	 212
1991.05	 210
1991.39	 223
1991.4	 213
1991.81	 107
1991.98	 208
1992.38	 101
1992.43	 100
1992.85	 220
1993.44	 222
1993.82	 116
1994.09	 151
1994.57	 205
1995.26	 183
1996.54	 218
1996.7	 167
1996.91	 126
1997.26	 161
1998.21	 148
1998.55	 186
1998.75	 133
1998.81	 143
1998.9	 106
2000.55	 140
2000.68	 195
2001.67	 162
2002	 215
2002.04	 144
2002.94	 154
2003.45	 193
2004.02	 164
2004.36	 215
2004.97	 207
2005.48	 224
